# transform file /Volumes/Vol6/YouthPTSD/scripts/sah_scripts/freersurferScripts/_151/mri/transforms/cc_up.lta
# created by sheyn on Mon Dec  2 18:29:33 2019

type      = 0 # LINEAR_VOX_TO_VOX
nxforms   = 1
mean      = 131.0000 128.0000 128.0000
sigma     = 10000.0000
1 4 4
9.943817257881165e-01 -7.440148293972015e-02 7.529711723327637e-02 8.425730466842651e-02 
7.418909668922424e-02 9.972284436225891e-01 5.617787130177021e-03 7.073314189910889e+00 
-7.550638914108276e-02 4.656613428188905e-10 9.971454739570618e-01 1.205533218383789e+01 
0.000000000000000e+00 0.000000000000000e+00 0.000000000000000e+00 1.000000000000000e+00 
src volume info
valid = 1  # volume info valid
filename = /Volumes/Vol6/YouthPTSD/scripts/sah_scripts/freersurferScripts/_151/mri/norm.mgz
volume = 256 256 256
voxelsize = 1.000000000000000e+00 1.000000000000000e+00 1.000000000000000e+00
xras   = -1.000000000000000e+00 0.000000000000000e+00 0.000000000000000e+00
yras   = 0.000000000000000e+00 0.000000000000000e+00 -1.000000000000000e+00
zras   = 0.000000000000000e+00 1.000000000000000e+00 0.000000000000000e+00
cras   = -5.130004882812500e-01 2.467999267578125e+01 2.436959838867188e+01
dst volume info
valid = 1  # volume info valid
filename = /Volumes/Vol6/YouthPTSD/scripts/sah_scripts/freersurferScripts/_151/mri/norm.mgz
volume = 256 256 256
voxelsize = 1.000000000000000e+00 1.000000000000000e+00 1.000000000000000e+00
xras   = -1.000000000000000e+00 0.000000000000000e+00 0.000000000000000e+00
yras   = 0.000000000000000e+00 0.000000000000000e+00 -1.000000000000000e+00
zras   = 0.000000000000000e+00 1.000000000000000e+00 0.000000000000000e+00
cras   = -5.130004882812500e-01 2.467999267578125e+01 2.436959838867188e+01
