# transform file transforms/talairach_with_skull.lta
# created by sheyn on Mon Dec  2 14:18:31 2019

type      = 0 # LINEAR_VOX_TO_VOX
nxforms   = 1
mean      = 132.0000 129.0000 138.0000
sigma     = 10000.0000
1 4 4
1.023447632789612e+00 -1.311770379543304e-01 9.650111943483353e-02 -5.084017753601074e+00 
9.929817914962769e-02 1.132351517677307e+00 1.515024751424789e-01 -5.607194900512695e+01 
-9.007122367620468e-02 -1.255655437707901e-01 1.055932044982910e+00 8.649688959121704e-01 
0.000000000000000e+00 0.000000000000000e+00 0.000000000000000e+00 1.000000000000000e+00 
src volume info
valid = 1  # volume info valid
filename = nu.mgz
volume = 256 256 256
voxelsize = 1.000000000000000e+00 1.000000000000000e+00 1.000000000000000e+00
xras   = -1.000000000000000e+00 0.000000000000000e+00 0.000000000000000e+00
yras   = 0.000000000000000e+00 0.000000000000000e+00 -1.000000000000000e+00
zras   = 0.000000000000000e+00 1.000000000000000e+00 0.000000000000000e+00
cras   = -5.130004882812500e-01 2.467999267578125e+01 2.436959838867188e+01
dst volume info
valid = 1  # volume info valid
filename = /Volumes/apps/linux/freesurfer-current/average/RB_all_withskull_2016-05-10.vc700.gca
volume = 256 256 256
voxelsize = 1.000000000000000e+00 1.000000000000000e+00 1.000000000000000e+00
xras   = -1.000000000000000e+00 0.000000000000000e+00 0.000000000000000e+00
yras   = 0.000000000000000e+00 0.000000000000000e+00 -1.000000000000000e+00
zras   = 0.000000000000000e+00 1.000000000000000e+00 0.000000000000000e+00
cras   = 0.000000000000000e+00 0.000000000000000e+00 0.000000000000000e+00
