# transform file transforms/talairach.lta
# created by sheyn on Mon Dec  2 14:32:49 2019

type      = 0 # LINEAR_VOX_TO_VOX
nxforms   = 1
mean      = 131.0000 130.0000 128.0000
sigma     = 10000.0000
1 4 4
9.759427309036255e-01 -6.965396553277969e-02 6.278289854526520e-02 -1.132847219705582e-01 
5.781809613108635e-02 1.104883551597595e+00 1.474055349826813e-01 -4.657601165771484e+01 
-7.132051885128021e-02 -1.459639519453049e-01 9.684820771217346e-01 1.681340599060059e+01 
0.000000000000000e+00 0.000000000000000e+00 0.000000000000000e+00 1.000000000000000e+00 
src volume info
valid = 1  # volume info valid
filename = nu.mgz
volume = 256 256 256
voxelsize = 1.000000000000000e+00 1.000000000000000e+00 1.000000000000000e+00
xras   = -1.000000000000000e+00 0.000000000000000e+00 0.000000000000000e+00
yras   = 0.000000000000000e+00 0.000000000000000e+00 -1.000000000000000e+00
zras   = 0.000000000000000e+00 1.000000000000000e+00 0.000000000000000e+00
cras   = -5.130004882812500e-01 2.467999267578125e+01 2.436959838867188e+01
dst volume info
valid = 1  # volume info valid
filename = /Volumes/apps/linux/freesurfer-current/average/RB_all_2016-05-10.vc700.gca
volume = 256 256 256
voxelsize = 1.000000000000000e+00 1.000000000000000e+00 1.000000000000000e+00
xras   = -1.000000000000000e+00 0.000000000000000e+00 0.000000000000000e+00
yras   = 0.000000000000000e+00 0.000000000000000e+00 -1.000000000000000e+00
zras   = 0.000000000000000e+00 1.000000000000000e+00 0.000000000000000e+00
cras   = 0.000000000000000e+00 0.000000000000000e+00 0.000000000000000e+00
